$$$ Linguistic variable: ATAC
Low;0.0,0.0;trap;0.0,0.0,0.0,0.0;0.0,0.0,0.0,0.0;0.8
Medium;0.0,0.0;trap;0.0,0.0,0.0,0.0;0.0,0.0,0.0,0.0;0.8
High;0.0,1.0;trap;0.0,0.667,1.0,1.0;0.0,0.667,1.0,1.0;0.8
NA;-10

$$$ Linguistic variable: CHG
Low;0.0,0.001;trap;0.0,0.0,0.0,0.001;0.0,0.0,0.0,0.001;0.8
Medium;0.0,0.002;trap;0.001,0.001,0.001,0.002;0.0,0.001,0.001,0.002;0.8
High;0.001,1.0;trap;0.002,0.002,1.0,1.0;0.001,0.002,1.0,1.0;0.8
NA;-10

$$$ Linguistic variable: CHH
Low;0.0,0.001;trap;0.0,0.0,0.0,0.0;0.0,0.0,0.0,0.001;0.8
Medium;0.0,0.002;trap;0.0,0.001,0.001,0.001;0.0,0.001,0.001,0.002;0.8
High;0.001,1.0;trap;0.001,0.002,1.0,1.0;0.001,0.002,1.0,1.0;0.8
NA;-10

$$$ Linguistic variable: CpG
Low;0.0,0.0;trap;0.0,0.0,0.0,0.0;0.0,0.0,0.0,0.0;0.8
Medium;0.0,0.0;trap;0.0,0.0,0.0,0.0;0.0,0.0,0.0,0.0;0.8
High;0.0,1.0;trap;0.0,0.001,1.0,1.0;0.0,0.001,1.0,1.0;0.8
NA;-10

$$$ Linguistic variable: H2AFZ_1
Low;0.0,0.021;trap;0.0,0.0,0.008,0.015;0.0,0.0,0.008,0.021;0.8
Medium;0.008,0.059;trap;0.015,0.021,0.029,0.04;0.008,0.021,0.029,0.059;0.8
High;0.029,1.0;trap;0.04,0.059,1.0,1.0;0.029,0.059,1.0,1.0;0.8
NA;-10

$$$ Linguistic variable: H2AK5ac_1
Low;0.0,0.044;trap;0.0,0.0,0.019,0.032;0.0,0.0,0.019,0.044;0.8
Medium;0.019,0.114;trap;0.032,0.044,0.06,0.08;0.019,0.044,0.06,0.114;0.8
High;0.06,1.0;trap;0.08,0.114,1.0,1.0;0.06,0.114,1.0,1.0;0.8
NA;-10

$$$ Linguistic variable: H2BK120ac_1
Low;0.0,0.033;trap;0.0,0.0,0.013,0.023;0.0,0.0,0.013,0.033;0.8
Medium;0.013,0.075;trap;0.023,0.033,0.044,0.057;0.013,0.033,0.044,0.075;0.8
High;0.044,1.0;trap;0.057,0.075,1.0,1.0;0.044,0.075,1.0,1.0;0.8
NA;-10

$$$ Linguistic variable: H2BK12ac_1
Low;0.0,0.041;trap;0.0,0.0,0.016,0.029;0.0,0.0,0.016,0.041;0.8
Medium;0.016,0.105;trap;0.029,0.041,0.057,0.076;0.016,0.041,0.057,0.105;0.8
High;0.057,1.0;trap;0.076,0.105,1.0,1.0;0.057,0.105,1.0,1.0;0.8
NA;-10

$$$ Linguistic variable: H2BK15ac_1
Low;0.0,0.074;trap;0.0,0.0,0.028,0.049;0.0,0.0,0.028,0.074;0.8
Medium;0.028,0.194;trap;0.049,0.074,0.103,0.139;0.028,0.074,0.103,0.194;0.8
High;0.103,1.0;trap;0.139,0.194,1.0,1.0;0.103,0.194,1.0,1.0;0.8
NA;-10

$$$ Linguistic variable: H2BK20ac_1
Low;0.0,0.052;trap;0.0,0.0,0.02,0.037;0.0,0.0,0.02,0.052;0.8
Medium;0.02,0.123;trap;0.037,0.052,0.069,0.088;0.02,0.052,0.069,0.123;0.8
High;0.069,1.0;trap;0.088,0.123,1.0,1.0;0.069,0.123,1.0,1.0;0.8
NA;-10

$$$ Linguistic variable: H2BK5ac_1
Low;0.0,0.016;trap;0.0,0.0,0.007,0.012;0.0,0.0,0.007,0.016;0.8
Medium;0.007,0.042;trap;0.012,0.016,0.022,0.03;0.007,0.016,0.022,0.042;0.8
High;0.022,1.0;trap;0.03,0.042,1.0,1.0;0.022,0.042,1.0,1.0;0.8
NA;-10

$$$ Linguistic variable: H3K14ac_1
Low;0.0,0.011;trap;0.0,0.0,0.005,0.008;0.0,0.0,0.005,0.011;0.8
Medium;0.005,0.032;trap;0.008,0.011,0.016,0.022;0.005,0.011,0.016,0.032;0.8
High;0.016,1.0;trap;0.022,0.032,1.0,1.0;0.016,0.032,1.0,1.0;0.8
NA;-10

$$$ Linguistic variable: H3K18ac_1
Low;0.0,0.012;trap;0.0,0.0,0.005,0.009;0.0,0.0,0.005,0.012;0.8
Medium;0.005,0.034;trap;0.009,0.012,0.017,0.024;0.005,0.012,0.017,0.034;0.8
High;0.017,1.0;trap;0.024,0.034,1.0,1.0;0.017,0.034,1.0,1.0;0.8
NA;-10

$$$ Linguistic variable: H3K23ac_1
Low;0.0,0.04;trap;0.0,0.0,0.015,0.028;0.0,0.0,0.015,0.04;0.8
Medium;0.015,0.101;trap;0.028,0.04,0.052,0.07;0.015,0.04,0.052,0.101;0.8
High;0.052,1.0;trap;0.07,0.101,1.0,1.0;0.052,0.101,1.0,1.0;0.8
NA;-10

$$$ Linguistic variable: H3K23me2_1
Low;0.0,0.032;trap;0.0,0.0,0.013,0.022;0.0,0.0,0.013,0.032;0.8
Medium;0.013,0.084;trap;0.022,0.032,0.042,0.058;0.013,0.032,0.042,0.084;0.8
High;0.042,1.0;trap;0.058,0.084,1.0,1.0;0.042,0.084,1.0,1.0;0.8
NA;-10

$$$ Linguistic variable: H3K27ac_1
Low;0.0,0.01;trap;0.0,0.0,0.004,0.007;0.0,0.0,0.004,0.01;0.8
Medium;0.004,0.026;trap;0.007,0.01,0.014,0.018;0.004,0.01,0.014,0.026;0.8
High;0.014,1.0;trap;0.018,0.026,1.0,1.0;0.014,0.026,1.0,1.0;0.8
NA;-10

$$$ Linguistic variable: H3K27me3_2
Low;0.0,0.014;trap;0.0,0.0,0.006,0.01;0.0,0.0,0.006,0.014;0.8
Medium;0.006,0.035;trap;0.01,0.014,0.019,0.025;0.006,0.014,0.019,0.035;0.8
High;0.019,1.0;trap;0.025,0.035,1.0,1.0;0.019,0.035,1.0,1.0;0.8
NA;-10

$$$ Linguistic variable: H3K36me3_1
Low;0.0,0.018;trap;0.0,0.0,0.007,0.013;0.0,0.0,0.007,0.018;0.8
Medium;0.007,0.05;trap;0.013,0.018,0.024,0.033;0.007,0.018,0.024,0.05;0.8
High;0.024,1.0;trap;0.033,0.05,1.0,1.0;0.024,0.05,1.0,1.0;0.8
NA;-10

$$$ Linguistic variable: H3K4ac_1
Low;0.0,0.045;trap;0.0,0.0,0.019,0.033;0.0,0.0,0.019,0.045;0.8
Medium;0.019,0.099;trap;0.033,0.045,0.059,0.075;0.019,0.045,0.059,0.099;0.8
High;0.059,1.0;trap;0.075,0.099,1.0,1.0;0.059,0.099,1.0,1.0;0.8
NA;-10

$$$ Linguistic variable: H3K4me1_1
Low;0.0,0.059;trap;0.0,0.0,0.027,0.044;0.0,0.0,0.027,0.059;0.8
Medium;0.027,0.134;trap;0.044,0.059,0.076,0.097;0.027,0.059,0.076,0.134;0.8
High;0.076,1.0;trap;0.097,0.134,1.0,1.0;0.076,0.134,1.0,1.0;0.8
NA;-10

$$$ Linguistic variable: H3K4me2_1
Low;0.0,0.01;trap;0.0,0.0,0.004,0.007;0.0,0.0,0.004,0.01;0.8
Medium;0.004,0.028;trap;0.007,0.01,0.014,0.019;0.004,0.01,0.014,0.028;0.8
High;0.014,1.0;trap;0.019,0.028,1.0,1.0;0.014,0.028,1.0,1.0;0.8
NA;-10

$$$ Linguistic variable: H3K4me3_1
Low;0.0,0.008;trap;0.0,0.0,0.004,0.006;0.0,0.0,0.004,0.008;0.8
Medium;0.004,0.019;trap;0.006,0.008,0.01,0.014;0.004,0.008,0.01,0.019;0.8
High;0.01,1.0;trap;0.014,0.019,1.0,1.0;0.01,0.019,1.0,1.0;0.8
NA;-10

$$$ Linguistic variable: H3K56ac_1
Low;0.0,0.022;trap;0.0,0.0,0.009,0.015;0.0,0.0,0.009,0.022;0.8
Medium;0.009,0.058;trap;0.015,0.022,0.03,0.04;0.009,0.022,0.03,0.058;0.8
High;0.03,1.0;trap;0.04,0.058,1.0,1.0;0.03,0.058,1.0,1.0;0.8
NA;-10

$$$ Linguistic variable: H3K79me1_1
Low;0.0,0.047;trap;0.0,0.0,0.022,0.036;0.0,0.0,0.022,0.047;0.8
Medium;0.022,0.124;trap;0.036,0.047,0.066,0.087;0.022,0.047,0.066,0.124;0.8
High;0.066,1.0;trap;0.087,0.124,1.0,1.0;0.066,0.124,1.0,1.0;0.8
NA;-10

$$$ Linguistic variable: H3K79me2_1
Low;0.0,0.016;trap;0.0,0.0,0.007,0.012;0.0,0.0,0.007,0.016;0.8
Medium;0.007,0.043;trap;0.012,0.016,0.023,0.03;0.007,0.016,0.023,0.043;0.8
High;0.023,1.0;trap;0.03,0.043,1.0,1.0;0.023,0.043,1.0,1.0;0.8
NA;-10

$$$ Linguistic variable: H3K9ac_1
Low;0.0,0.007;trap;0.0,0.0,0.003,0.005;0.0,0.0,0.003,0.007;0.8
Medium;0.003,0.017;trap;0.005,0.007,0.009,0.011;0.003,0.007,0.009,0.017;0.8
High;0.009,1.0;trap;0.011,0.017,1.0,1.0;0.009,0.017,1.0,1.0;0.8
NA;-10

$$$ Linguistic variable: H3K9me3_1
Low;0.0,0.01;trap;0.0,0.0,0.004,0.007;0.0,0.0,0.004,0.01;0.8
Medium;0.004,0.029;trap;0.007,0.01,0.014,0.02;0.004,0.01,0.014,0.029;0.8
High;0.014,1.0;trap;0.02,0.029,1.0,1.0;0.014,0.029,1.0,1.0;0.8
NA;-10

$$$ Linguistic variable: H4K20me1_1
Low;0.0,0.048;trap;0.0,0.0,0.018,0.033;0.0,0.0,0.018,0.048;0.8
Medium;0.018,0.119;trap;0.033,0.048,0.065,0.086;0.018,0.048,0.065,0.119;0.8
High;0.065,1.0;trap;0.086,0.119,1.0,1.0;0.065,0.119,1.0,1.0;0.8
NA;-10

$$$ Linguistic variable: H4K5ac_1
Low;0.0,0.024;trap;0.0,0.0,0.01,0.018;0.0,0.0,0.01,0.024;0.8
Medium;0.01,0.067;trap;0.018,0.024,0.034,0.047;0.01,0.024,0.034,0.067;0.8
High;0.034,1.0;trap;0.047,0.067,1.0,1.0;0.034,0.067,1.0,1.0;0.8
NA;-10

$$$ Linguistic variable: H4K8ac_1
Low;0.0,0.024;trap;0.0,0.0,0.009,0.016;0.0,0.0,0.009,0.024;0.8
Medium;0.009,0.064;trap;0.016,0.024,0.032,0.044;0.009,0.024,0.032,0.064;0.8
High;0.032,1.0;trap;0.044,0.064,1.0,1.0;0.032,0.064,1.0,1.0;0.8
NA;-10

$$$ Linguistic variable: H4K91ac_1
Low;0.0,0.035;trap;0.0,0.0,0.015,0.025;0.0,0.0,0.015,0.035;0.8
Medium;0.015,0.086;trap;0.025,0.035,0.046,0.062;0.015,0.035,0.046,0.086;0.8
High;0.046,1.0;trap;0.062,0.086,1.0,1.0;0.046,0.086,1.0,1.0;0.8
NA;-10

