$$$ Linguistic variable: ATAC
Low;0.0,0.0;trap;0.0,0.0,0.0,0.0;0.0,0.0,0.0,0.0;0.8
Medium;0.0,0.0;trap;0.0,0.0,0.0,0.0;0.0,0.0,0.0,0.0;0.8
High;0.0,1.0;trap;0.0,0.895,1.0,1.0;0.0,0.895,1.0,1.0;0.8
NA;-10

$$$ Linguistic variable: H2AFZ_1
Low;0.0,0.021;trap;0.0,0.0,0.008,0.015;0.0,0.0,0.008,0.021;0.8
Medium;0.008,0.059;trap;0.015,0.021,0.029,0.04;0.008,0.021,0.029,0.059;0.8
High;0.029,1.0;trap;0.04,0.059,1.0,1.0;0.029,0.059,1.0,1.0;0.8
NA;-10

$$$ Linguistic variable: H3K14ac_1
Low;0.0,0.011;trap;0.0,0.0,0.005,0.008;0.0,0.0,0.005,0.011;0.8
Medium;0.005,0.032;trap;0.008,0.011,0.016,0.022;0.005,0.011,0.016,0.032;0.8
High;0.016,1.0;trap;0.022,0.032,1.0,1.0;0.016,0.032,1.0,1.0;0.8
NA;-10

$$$ Linguistic variable: H3K18ac_1
Low;0.0,0.012;trap;0.0,0.0,0.005,0.009;0.0,0.0,0.005,0.012;0.8
Medium;0.005,0.034;trap;0.009,0.012,0.017,0.024;0.005,0.012,0.017,0.034;0.8
High;0.017,1.0;trap;0.024,0.034,1.0,1.0;0.017,0.034,1.0,1.0;0.8
NA;-10

$$$ Linguistic variable: H3K4me1_1
Low;0.0,0.059;trap;0.0,0.0,0.027,0.044;0.0,0.0,0.027,0.059;0.8
Medium;0.027,0.134;trap;0.044,0.059,0.076,0.097;0.027,0.059,0.076,0.134;0.8
High;0.076,1.0;trap;0.097,0.134,1.0,1.0;0.076,0.134,1.0,1.0;0.8
NA;-10

$$$ Linguistic variable: H3K4me2_1
Low;0.0,0.01;trap;0.0,0.0,0.004,0.007;0.0,0.0,0.004,0.01;0.8
Medium;0.004,0.028;trap;0.007,0.01,0.014,0.019;0.004,0.01,0.014,0.028;0.8
High;0.014,1.0;trap;0.019,0.028,1.0,1.0;0.014,0.028,1.0,1.0;0.8
NA;-10

$$$ Linguistic variable: H3K4me3_1
Low;0.0,0.008;trap;0.0,0.0,0.004,0.006;0.0,0.0,0.004,0.008;0.8
Medium;0.004,0.019;trap;0.006,0.008,0.01,0.014;0.004,0.008,0.01,0.019;0.8
High;0.01,1.0;trap;0.014,0.019,1.0,1.0;0.01,0.019,1.0,1.0;0.8
NA;-10

