$$$ Linguistic variable: ATAC
Low;0.0,0.0;trap;0.0,0.0,0.0,0.0;0.0,0.0,0.0,0.0;0.8
Medium;0.0,0.0;trap;0.0,0.0,0.0,0.0;0.0,0.0,0.0,0.0;0.8
High;0.0,1.0;trap;0.0,0.06,1.0,1.0;0.0,0.06,1.0,1.0;0.8
NA;-10

$$$ Linguistic variable: H3K18ac_1
Low;0.0,0.089;trap;0.0,0.0,0.036,0.061;0.0,0.0,0.036,0.089;0.8
Medium;0.036,0.309;trap;0.061,0.089,0.134,0.186;0.036,0.089,0.134,0.309;0.8
High;0.134,1.0;trap;0.186,0.309,1.0,1.0;0.134,0.309,1.0,1.0;0.8
NA;-10

$$$ Linguistic variable: H3K27ac_1
Low;0.0,0.098;trap;0.0,0.0,0.036,0.06;0.0,0.0,0.036,0.098;0.8
Medium;0.036,0.341;trap;0.06,0.098,0.157,0.21;0.036,0.098,0.157,0.341;0.8
High;0.157,1.0;trap;0.21,0.341,1.0,1.0;0.157,0.341,1.0,1.0;0.8
NA;-10

$$$ Linguistic variable: H3K4me1_1
Low;0.0,0.067;trap;0.0,0.0,0.034,0.052;0.0,0.0,0.034,0.067;0.8
Medium;0.034,0.223;trap;0.052,0.067,0.101,0.17;0.034,0.067,0.101,0.223;0.8
High;0.101,1.0;trap;0.17,0.223,1.0,1.0;0.101,0.223,1.0,1.0;0.8
NA;-10

$$$ Linguistic variable: H3K9me3_1
Low;0.0,0.0;trap;0.0,0.0,0.0,0.0;0.0,0.0,0.0,0.0;0.8
Medium;0.0,0.0;trap;0.0,0.0,0.0,0.0;0.0,0.0,0.0,0.0;0.8
High;0.0,1.0;trap;0.0,0.0,1.0,1.0;0.0,0.0,1.0,1.0;0.8
NA;-10

