$$$ Linguistic variable: ATAC
Low;0.0,0.0;trap;0.0,0.0,0.0,0.0;0.0,0.0,0.0,0.0;0.8
Medium;0.0,0.0;trap;0.0,0.0,0.0,0.0;0.0,0.0,0.0,0.0;0.8
High;0.0,1.0;trap;0.0,0.06,1.0,1.0;0.0,0.06,1.0,1.0;0.8
NA;-10

$$$ Linguistic variable: CHG
Low;0.0,0.0;trap;0.0,0.0,0.0,0.0;0.0,0.0,0.0,0.0;0.8
Medium;0.0,0.0;trap;0.0,0.0,0.0,0.0;0.0,0.0,0.0,0.0;0.8
High;0.0,1.0;trap;0.0,0.537,1.0,1.0;0.0,0.537,1.0,1.0;0.8
NA;-10

$$$ Linguistic variable: CHH
Low;0.0,0.0;trap;0.0,0.0,0.0,0.0;0.0,0.0,0.0,0.0;0.8
Medium;0.0,0.0;trap;0.0,0.0,0.0,0.0;0.0,0.0,0.0,0.0;0.8
High;0.0,1.0;trap;0.0,0.007,1.0,1.0;0.0,0.007,1.0,1.0;0.8
NA;-10

$$$ Linguistic variable: CpG
Low;0.0,0.0;trap;0.0,0.0,0.0,0.0;0.0,0.0,0.0,0.0;0.8
Medium;0.0,0.0;trap;0.0,0.0,0.0,0.0;0.0,0.0,0.0,0.0;0.8
High;0.0,1.0;trap;0.0,0.545,1.0,1.0;0.0,0.545,1.0,1.0;0.8
NA;-10

$$$ Linguistic variable: H3K14ac_1
Low;0.0,0.073;trap;0.0,0.0,0.054,0.054;0.0,0.0,0.054,0.073;0.8
Medium;0.054,0.209;trap;0.054,0.073,0.109,0.209;0.054,0.073,0.109,0.209;0.8
High;0.109,1.0;trap;0.209,0.209,1.0,1.0;0.109,0.209,1.0,1.0;0.8
NA;-10

$$$ Linguistic variable: H3K18ac_1
Low;0.0,0.089;trap;0.0,0.0,0.036,0.061;0.0,0.0,0.036,0.089;0.8
Medium;0.036,0.309;trap;0.061,0.089,0.134,0.186;0.036,0.089,0.134,0.309;0.8
High;0.134,1.0;trap;0.186,0.309,1.0,1.0;0.134,0.309,1.0,1.0;0.8
NA;-10

$$$ Linguistic variable: H3K27ac_1
Low;0.0,0.098;trap;0.0,0.0,0.036,0.06;0.0,0.0,0.036,0.098;0.8
Medium;0.036,0.341;trap;0.06,0.098,0.157,0.21;0.036,0.098,0.157,0.341;0.8
High;0.157,1.0;trap;0.21,0.341,1.0,1.0;0.157,0.341,1.0,1.0;0.8
NA;-10

$$$ Linguistic variable: H3K36me3_1
Low;0.0,0.069;trap;0.0,0.0,0.052,0.052;0.0,0.0,0.052,0.069;0.8
Medium;0.052,0.209;trap;0.052,0.069,0.069,0.104;0.052,0.069,0.069,0.209;0.8
High;0.069,1.0;trap;0.104,0.209,1.0,1.0;0.069,0.209,1.0,1.0;0.8
NA;-10

$$$ Linguistic variable: H3K4me1_1
Low;0.0,0.067;trap;0.0,0.0,0.034,0.052;0.0,0.0,0.034,0.067;0.8
Medium;0.034,0.223;trap;0.052,0.067,0.101,0.166;0.034,0.067,0.101,0.223;0.8
High;0.101,1.0;trap;0.166,0.223,1.0,1.0;0.101,0.223,1.0,1.0;0.8
NA;-10

$$$ Linguistic variable: H3K4me2_1
Low;0.0,0.052;trap;0.0,0.0,0.025,0.034;0.0,0.0,0.025,0.052;0.8
Medium;0.025,0.254;trap;0.034,0.052,0.063,0.179;0.025,0.052,0.063,0.254;0.8
High;0.063,1.0;trap;0.179,0.254,1.0,1.0;0.063,0.254,1.0,1.0;0.8
NA;-10

$$$ Linguistic variable: H3K4me3_1
Low;0.0,0.057;trap;0.0,0.0,0.039,0.039;0.0,0.0,0.039,0.057;0.8
Medium;0.039,0.209;trap;0.039,0.057,0.057,0.115;0.039,0.057,0.057,0.209;0.8
High;0.057,1.0;trap;0.115,0.209,1.0,1.0;0.057,0.209,1.0,1.0;0.8
NA;-10

$$$ Linguistic variable: H3K56ac_1
Low;0.0,0.073;trap;0.0,0.0,0.02,0.044;0.0,0.0,0.02,0.073;0.8
Medium;0.02,0.525;trap;0.044,0.073,0.149,0.286;0.02,0.073,0.149,0.525;0.8
High;0.149,1.0;trap;0.286,0.525,1.0,1.0;0.149,0.525,1.0,1.0;0.8
NA;-10

$$$ Linguistic variable: H3K9ac_1
Low;0.0,0.068;trap;0.0,0.0,0.033,0.048;0.0,0.0,0.033,0.068;0.8
Medium;0.033,0.273;trap;0.048,0.068,0.102,0.172;0.033,0.068,0.102,0.273;0.8
High;0.102,1.0;trap;0.172,0.273,1.0,1.0;0.102,0.273,1.0,1.0;0.8
NA;-10

$$$ Linguistic variable: H3K9me3_1
Low;0.0,0.0;trap;0.0,0.0,0.0,0.0;0.0,0.0,0.0,0.0;0.8
Medium;0.0,0.0;trap;0.0,0.0,0.0,0.0;0.0,0.0,0.0,0.0;0.8
High;0.0,1.0;trap;0.0,0.0,1.0,1.0;0.0,0.0,1.0,1.0;0.8
NA;-10

$$$ Linguistic variable: H4K20me1_1
Low;0.0,0.0;trap;0.0,0.0,0.0,0.0;0.0,0.0,0.0,0.0;0.8
Medium;0.0,0.0;trap;0.0,0.0,0.0,0.0;0.0,0.0,0.0,0.0;0.8
High;0.0,1.0;trap;0.0,0.0,1.0,1.0;0.0,0.0,1.0,1.0;0.8
NA;-10

$$$ Linguistic variable: H4K5ac_1
Low;0.0,0.085;trap;0.0,0.0,0.034,0.057;0.0,0.0,0.034,0.085;0.8
Medium;0.034,0.307;trap;0.057,0.085,0.124,0.192;0.034,0.085,0.124,0.307;0.8
High;0.124,1.0;trap;0.192,0.307,1.0,1.0;0.124,0.307,1.0,1.0;0.8
NA;-10

$$$ Linguistic variable: H4K8ac_1
Low;0.0,0.089;trap;0.0,0.0,0.039,0.062;0.0,0.0,0.039,0.089;0.8
Medium;0.039,0.3;trap;0.062,0.089,0.132,0.202;0.039,0.089,0.132,0.3;0.8
High;0.132,1.0;trap;0.202,0.3,1.0,1.0;0.132,0.3,1.0,1.0;0.8
NA;-10

